50
38 2 19
13 1 13
35 5 7
28 5 5.6
29 7 4.14286
47 12 3.91667
18 5 3.6
28 8 3.5
14 5 2.8
42 16 2.625
40 16 2.5
9 4 2.25
37 19 1.94737
43 24 1.79167
42 24 1.75
47 27 1.74074
47 30 1.56667
18 13 1.38462
40 30 1.33333
48 38 1.26316
39 31 1.25806
13 11 1.18182
27 24 1.125
50 45 1.11111
10 10 1
16 17 0.941176
40 45 0.888889
30 35 0.857143
29 35 0.828571
17 21 0.809524
14 18 0.777778
32 45 0.711111
31 44 0.704545
29 43 0.674419
24 37 0.648649
24 39 0.615385
29 49 0.591837
13 23 0.565217
24 46 0.521739
21 43 0.488372
8 20 0.4
8 24 0.333333
14 46 0.304348
14 48 0.291667
2 7 0.285714
4 14 0.285714
10 44 0.227273
5 25 0.2
2 25 0.08
3 47 0.0638298
