40
13 1 13
18 2 9
34 5 6.8
34 6 5.66667
34 7 4.85714
27 6 4.5
29 7 4.14286
33 10 3.3
20 10 2
26 14 1.85714
38 22 1.72727
25 16 1.5625
13 9 1.44444
40 29 1.37931
33 25 1.32
13 11 1.18182
34 31 1.09677
29 27 1.07407
28 28 1
33 34 0.970588
21 22 0.954545
8 9 0.888889
27 31 0.870968
18 22 0.818182
26 37 0.702703
21 31 0.677419
14 21 0.666667
5 9 0.555556
16 31 0.516129
6 12 0.5
16 33 0.484848
9 23 0.391304
11 31 0.354839
13 38 0.342105
12 40 0.3
6 25 0.24
3 20 0.15
4 34 0.117647
4 38 0.105263
1 12 0.0833333
