500
337 1 337
469 3 156.333
461 3 153.667
166 2 83
219 3 73
482 10 48.2
180 4 45
211 5 42.2
190 5 38
488 15 32.5333
328 11 29.8182
447 18 24.8333
452 19 23.7895
435 20 21.75
350 17 20.5882
172 9 19.1111
481 26 18.5
53 3 17.6667
276 16 17.25
353 21 16.8095
141 10 14.1
267 19 14.0526
208 17 12.2353
216 18 12
241 21 11.4762
391 35 11.1714
497 45 11.0444
383 38 10.0789
362 39 9.28205
454 55 8.25455
463 58 7.98276
233 31 7.51613
276 38 7.26316
251 35 7.17143
424 62 6.83871
176 26 6.76923
331 49 6.7551
118 18 6.55556
162 25 6.48
447 69 6.47826
172 27 6.37037
237 38 6.23684
383 62 6.17742
491 82 5.9878
249 42 5.92857
459 83 5.53012
231 45 5.13333
410 81 5.06173
368 75 4.90667
356 73 4.87671
278 60 4.63333
272 60 4.53333
469 104 4.50962
266 61 4.36066
427 101 4.22772
327 78 4.19231
260 63 4.12698
303 74 4.09459
230 59 3.89831
374 98 3.81633
212 58 3.65517
104 29 3.58621
337 95 3.54737
443 127 3.48819
364 107 3.40187
493 146 3.37671
355 106 3.34906
348 105 3.31429
197 61 3.22951
444 138 3.21739
200 63 3.1746
202 65 3.10769
86 28 3.07143
460 153 3.00654
196 66 2.9697
451 152 2.96711
474 161 2.9441
221 76 2.90789
176 61 2.88525
390 141 2.76596
368 134 2.74627
453 168 2.69643
436 164 2.65854
378 143 2.64336
59 23 2.56522
192 78 2.46154
334 137 2.43796
107 44 2.43182
401 166 2.41566
123 51 2.41176
214 89 2.40449
384 162 2.37037
241 102 2.36275
345 148 2.33108
407 175 2.32571
346 151 2.29139
499 219 2.27854
195 86 2.26744
406 180 2.25556
425 190 2.23684
372 167 2.22755
192 92 2.08696
150 72 2.08333
391 189 2.06878
287 141 2.03546
203 101 2.0099
426 212 2.00943
293 147 1.9932
253 128 1.97656
318 161 1.97516
400 203 1.97044
475 242 1.96281
408 209 1.95215
91 47 1.93617
75 39 1.92308
345 181 1.90608
436 229 1.90393
273 145 1.88276
476 253 1.88142
88 47 1.87234
317 171 1.8538
432 235 1.8383
417 228 1.82895
294 162 1.81481
197 109 1.80734
388 215 1.80465
397 224 1.77232
399 226 1.76549
74 42 1.7619
383 219 1.74886
241 138 1.74638
325 188 1.72872
395 233 1.69528
397 235 1.68936
344 205 1.67805
288 172 1.67442
447 271 1.64945
339 206 1.64563
321 198 1.62121
500 309 1.61812
498 309 1.61165
213 133 1.6015
450 281 1.60142
417 261 1.5977
470 295 1.59322
46 29 1.58621
279 176 1.58523
292 185 1.57838
453 289 1.56747
291 192 1.51563
341 228 1.49561
499 334 1.49401
221 148 1.49324
239 162 1.47531
400 277 1.44404
481 343 1.40233
231 167 1.38323
315 228 1.38158
430 312 1.37821
296 215 1.37674
361 263 1.37262
488 357 1.36695
266 195 1.3641
406 298 1.36242
170 125 1.36
432 319 1.35423
442 334 1.32335
320 242 1.32231
342 259 1.32046
420 320 1.3125
399 305 1.3082
285 221 1.28959
483 377 1.28117
353 279 1.26523
478 379 1.26121
326 259 1.25869
39 31 1.25806
488 391 1.24808
448 360 1.24444
445 359 1.23955
483 390 1.23846
276 223 1.23767
53 43 1.23256
346 283 1.22261
499 411 1.21411
336 277 1.213
442 365 1.21096
461 381 1.20997
440 364 1.20879
477 398 1.19849
473 396 1.19444
194 163 1.19018
339 285 1.18947
261 221 1.181
431 367 1.17439
437 374 1.16845
385 332 1.15964
247 214 1.15421
435 382 1.13874
380 334 1.13772
143 127 1.12598
436 392 1.11224
97 88 1.10227
438 400 1.095
182 168 1.08333
500 464 1.07759
440 414 1.0628
325 307 1.05863
212 203 1.04434
467 449 1.04009
468 451 1.03769
149 144 1.03472
431 417 1.03357
480 467 1.02784
223 218 1.02294
425 416 1.02163
142 139 1.02158
483 473 1.02114
266 262 1.01527
296 292 1.0137
393 388 1.01289
316 312 1.01282
335 332 1.00904
134 134 1
388 388 1
435 436 0.997706
410 411 0.997567
248 249 0.995984
276 278 0.992806
240 245 0.979592
481 494 0.973684
438 450 0.973333
256 264 0.969697
459 477 0.962264
451 472 0.955508
473 496 0.953629
390 409 0.953545
406 427 0.95082
288 303 0.950495
350 371 0.943396
277 294 0.942177
238 253 0.940711
171 182 0.93956
457 488 0.936475
368 395 0.931646
452 490 0.922449
238 259 0.918919
201 219 0.917808
287 314 0.914013
299 328 0.911585
448 493 0.908722
96 107 0.897196
331 369 0.897019
100 112 0.892857
283 317 0.892744
144 164 0.878049
230 264 0.871212
409 470 0.870213
343 397 0.86398
342 399 0.857143
423 494 0.856275
362 423 0.855792
313 366 0.855191
394 463 0.850972
298 351 0.849003
422 498 0.84739
372 440 0.845455
100 119 0.840336
375 447 0.838926
220 266 0.827068
346 419 0.825776
284 346 0.820809
396 484 0.818182
106 131 0.80916
110 136 0.808824
291 360 0.808333
139 172 0.80814
71 88 0.806818
367 458 0.80131
213 266 0.800752
368 464 0.793103
312 396 0.787879
95 121 0.785124
220 282 0.780142
354 454 0.779736
353 454 0.777533
281 362 0.776243
152 196 0.77551
129 167 0.772455
152 197 0.771574
339 443 0.765237
241 319 0.755486
321 427 0.751756
326 434 0.751152
246 334 0.736527
360 491 0.733198
186 258 0.72093
227 315 0.720635
245 343 0.714286
264 375 0.704
194 276 0.702899
87 124 0.701613
127 182 0.697802
325 467 0.695931
183 264 0.693182
45 65 0.692308
290 420 0.690476
178 259 0.687259
176 259 0.679537
318 468 0.679487
111 164 0.676829
154 231 0.666667
330 496 0.665323
298 448 0.665179
257 387 0.664083
295 448 0.658482
175 266 0.657895
262 401 0.653367
222 342 0.649123
296 459 0.64488
18 28 0.642857
290 452 0.641593
308 487 0.632444
250 399 0.626566
132 213 0.619718
142 232 0.612069
208 345 0.602899
176 297 0.592593
48 82 0.585366
239 409 0.584352
249 430 0.57907
267 462 0.577922
216 376 0.574468
250 442 0.565611
222 393 0.564885
183 325 0.563077
178 320 0.55625
123 223 0.55157
233 423 0.550827
204 378 0.539683
59 110 0.536364
103 193 0.533679
122 230 0.530435
233 442 0.527149
116 221 0.524887
60 115 0.521739
175 338 0.517751
19 37 0.513514
174 340 0.511765
198 390 0.507692
134 264 0.507576
198 392 0.505102
155 312 0.496795
141 285 0.494737
180 364 0.494505
85 172 0.494186
231 469 0.492537
214 436 0.490826
200 414 0.483092
169 350 0.482857
149 309 0.482201
84 175 0.48
33 69 0.478261
166 350 0.474286
231 490 0.471429
126 270 0.466667
220 476 0.462185
219 476 0.460084
164 360 0.455556
157 345 0.455072
102 229 0.445415
165 373 0.442359
132 300 0.44
78 178 0.438202
125 286 0.437063
207 475 0.435789
73 169 0.431953
72 167 0.431138
31 73 0.424658
94 223 0.421525
103 245 0.420408
139 338 0.411243
171 420 0.407143
96 238 0.403361
174 432 0.402778
196 488 0.401639
178 445 0.4
187 469 0.398721
178 461 0.386117
31 82 0.378049
113 309 0.365696
140 399 0.350877
166 476 0.34874
88 257 0.342412
139 406 0.342365
118 348 0.33908
48 143 0.335664
131 392 0.334184
163 493 0.330629
118 361 0.32687
145 453 0.320088
50 157 0.318471
78 245 0.318367
97 310 0.312903
153 495 0.309091
143 469 0.304904
130 427 0.30445
42 145 0.289655
113 395 0.286076
45 159 0.283019
134 486 0.27572
92 340 0.270588
113 420 0.269048
72 272 0.264706
55 210 0.261905
20 79 0.253165
81 324 0.25
81 330 0.245455
67 273 0.245421
54 240 0.225
73 332 0.21988
102 470 0.217021
8 37 0.216216
53 248 0.21371
101 477 0.21174
57 270 0.211111
80 381 0.209974
36 172 0.209302
50 240 0.208333
97 469 0.206823
87 423 0.205674
83 410 0.202439
70 346 0.202312
61 311 0.196141
65 332 0.195783
67 344 0.194767
76 392 0.193878
74 396 0.186869
45 241 0.186722
62 341 0.181818
62 341 0.181818
89 498 0.178715
59 333 0.177177
27 162 0.166667
47 293 0.16041
55 344 0.159884
64 401 0.159601
73 477 0.15304
39 259 0.150579
68 454 0.14978
73 491 0.148676
72 497 0.144869
55 389 0.141388
23 165 0.139394
29 210 0.138095
33 243 0.135802
62 457 0.135667
62 463 0.133909
60 450 0.133333
59 467 0.126338
57 463 0.12311
17 143 0.118881
54 457 0.118162
31 263 0.117871
49 419 0.116945
38 326 0.116564
53 456 0.116228
49 430 0.113953
12 108 0.111111
28 252 0.111111
28 253 0.110672
29 263 0.110266
46 419 0.109785
38 363 0.104683
38 364 0.104396
42 412 0.101942
39 383 0.101828
13 128 0.101563
8 88 0.0909091
29 361 0.0803324
19 243 0.0781893
35 490 0.0714286
20 298 0.0671141
26 415 0.0626506
20 322 0.0621118
24 421 0.0570071
8 148 0.0540541
14 274 0.0510949
20 440 0.0454545
7 188 0.037234
15 403 0.0372208
14 442 0.0316742
9 471 0.0191083
6 322 0.0186335
7 397 0.0176322
3 186 0.016129
3 306 0.00980392
2 261 0.00766284
2 268 0.00746269
1 399 0.00250627
