200
20 1 20
18 1 18
18 1 18
13 1 13
13 1 13
11 1 11
9 1 9
15 2 7.5
14 2 7
20 3 6.66667
18 3 6
20 4 5
14 3 4.66667
13 3 4.33333
17 4 4.25
20 5 4
4 1 4
16 4 4
12 3 4
19 5 3.8
19 5 3.8
15 4 3.75
16 5 3.2
16 5 3.2
12 4 3
3 1 3
9 3 3
9 3 3
20 7 2.85714
17 6 2.83333
19 7 2.71429
8 3 2.66667
16 6 2.66667
8 3 2.66667
13 5 2.6
13 5 2.6
18 7 2.57143
18 7 2.57143
5 2 2.5
5 2 2.5
15 6 2.5
20 8 2.5
13 6 2.16667
15 7 2.14286
17 8 2.125
18 9 2
10 5 2
2 1 2
2 1 2
17 9 1.88889
15 8 1.875
11 6 1.83333
11 6 1.83333
18 10 1.8
18 10 1.8
18 10 1.8
18 10 1.8
18 10 1.8
14 8 1.75
14 8 1.75
7 4 1.75
19 11 1.72727
19 11 1.72727
12 7 1.71429
20 12 1.66667
5 3 1.66667
15 9 1.66667
18 11 1.63636
16 10 1.6
11 7 1.57143
20 13 1.53846
6 4 1.5
19 13 1.46154
20 14 1.42857
17 12 1.41667
7 5 1.4
15 11 1.36364
8 6 1.33333
16 12 1.33333
12 9 1.33333
12 9 1.33333
17 13 1.30769
19 15 1.26667
15 12 1.25
20 16 1.25
18 15 1.2
12 10 1.2
12 10 1.2
13 11 1.18182
9 8 1.125
18 16 1.125
18 16 1.125
10 9 1.11111
11 10 1.1
12 11 1.09091
14 13 1.07692
18 17 1.05882
18 17 1.05882
14 14 1
4 4 1
9 9 1
5 5 1
16 16 1
15 15 1
9 9 1
19 19 1
15 15 1
8 8 1
6 6 1
18 19 0.947368
16 17 0.941176
14 15 0.933333
12 13 0.923077
11 12 0.916667
12 14 0.857143
10 12 0.833333
10 12 0.833333
15 18 0.833333
5 6 0.833333
9 11 0.818182
16 20 0.8
12 15 0.8
16 20 0.8
10 13 0.769231
13 17 0.764706
6 8 0.75
15 20 0.75
9 12 0.75
11 15 0.733333
7 10 0.7
9 13 0.692308
4 6 0.666667
8 12 0.666667
4 6 0.666667
13 20 0.65
7 11 0.636364
12 19 0.631579
12 19 0.631579
5 8 0.625
5 8 0.625
10 16 0.625
8 13 0.615385
6 10 0.6
12 20 0.6
12 20 0.6
9 15 0.6
10 17 0.588235
11 19 0.578947
7 13 0.538462
10 19 0.526316
1 2 0.5
9 18 0.5
6 12 0.5
5 10 0.5
7 15 0.466667
4 9 0.444444
8 19 0.421053
2 5 0.4
7 18 0.388889
5 13 0.384615
7 19 0.368421
4 11 0.363636
6 17 0.352941
7 20 0.35
5 15 0.333333
6 18 0.333333
3 9 0.333333
6 18 0.333333
5 15 0.333333
3 9 0.333333
4 13 0.307692
4 13 0.307692
3 10 0.3
1 4 0.25
5 20 0.25
4 16 0.25
1 4 0.25
4 17 0.235294
4 18 0.222222
4 18 0.222222
2 9 0.222222
4 20 0.2
4 20 0.2
2 10 0.2
3 16 0.1875
2 11 0.181818
3 17 0.176471
3 18 0.166667
1 7 0.142857
1 8 0.125
1 9 0.111111
2 18 0.111111
2 19 0.105263
1 10 0.1
2 20 0.1
1 12 0.0833333
1 14 0.0714286
1 18 0.0555556
1 20 0.05
1 20 0.05
